0 0.531836 0.677215 0.068984 0.110292
0 0.501188 0.556139 0.065250 0.068944
0 0.722523 0.549042 0.064172 0.071361
0 0.490926 0.460417 0.038148 0.036111
0 0.622816 0.504049 0.053898 0.049681
0 0.447422 0.460035 0.046875 0.043681
0 0.440391 0.582111 0.050937 0.067083
0 0.351062 0.471521 0.042875 0.064458
0 0.340613 0.542653 0.040648 0.060806
0 0.249547 0.517715 0.045125 0.075125
0 0.972570 0.717813 0.054859 0.087486
0 0.834477 0.548340 0.079656 0.068403
0 0.515637 0.438701 0.047727 0.040486
0 0.430930 0.420653 0.032969 0.032361
0 0.363906 0.436014 0.036328 0.033889
0 0.384258 0.425639 0.018594 0.023889
0 0.325590 0.418215 0.028758 0.031042
0 0.286367 0.405007 0.024375 0.028819
0 0.254844 0.457215 0.030625 0.033847
0 0.243504 0.428528 0.035430 0.030250
0 0.200289 0.398167 0.024484 0.025278
0 0.216102 0.398097 0.015156 0.024306
0 0.176863 0.391569 0.016523 0.016917
0 0.595008 0.532562 0.044859 0.054292
0 0.839141 0.618965 0.086250 0.080153
