0 0.331461 0.538167 0.040516 0.056722
0 0.777211 0.653361 0.082141 0.075333
0 0.360727 0.411625 0.028656 0.023833
0 0.343402 0.431771 0.027133 0.024208
0 0.387590 0.426639 0.030727 0.029056
0 0.320801 0.477306 0.038008 0.034583
0 0.275180 0.489236 0.037438 0.041083
0 0.625270 0.864160 0.112930 0.155681
0 0.257734 0.947201 0.090375 0.105597
0 0.373277 0.509979 0.043602 0.049764
0 0.962680 0.608271 0.074641 0.078458
0 0.257957 0.546479 0.040023 0.065931
0 0.565293 0.480451 0.051898 0.052153
0 0.682031 0.498111 0.052500 0.051778
0 0.709703 0.551840 0.060687 0.062014
0 0.423762 0.559326 0.047164 0.070792
0 0.571727 0.519819 0.046078 0.047028
0 0.802840 0.506889 0.067758 0.047667
0 0.821410 0.555708 0.068773 0.060250
0 0.301055 0.650069 0.051656 0.093056
0 0.248086 0.400250 0.028531 0.024944
0 0.283055 0.401049 0.027609 0.021069
0 0.299125 0.419986 0.027484 0.023972
