0 0.919344 0.544708 0.068703 0.037861
0 0.292934 0.772542 0.072430 0.133806
0 0.736645 0.493056 0.049367 0.051389
0 0.747285 0.577271 0.068086 0.062958
0 0.543969 0.734535 0.073156 0.112319
0 0.300379 0.595847 0.041430 0.073583
0 0.895781 0.458750 0.066563 0.061389
0 0.509191 0.562778 0.053648 0.063167
0 0.328008 0.540743 0.039453 0.057681
0 0.292488 0.505646 0.037211 0.060097
0 0.250695 0.550694 0.039078 0.045556
0 0.912824 0.596340 0.082945 0.065097
0 0.322496 0.417792 0.038289 0.035250
0 0.331320 0.487438 0.038922 0.044847
0 0.733570 0.798937 0.114031 0.165625
0 0.430414 0.569819 0.033891 0.062667
0 0.432563 0.507354 0.046766 0.062264
0 0.371812 0.475271 0.036719 0.039125
0 0.261785 0.483931 0.035680 0.041694
0 0.259828 0.450757 0.031766 0.028681
0 0.288660 0.438007 0.037695 0.037653
0 0.398867 0.414917 0.038953 0.036083
0 0.259332 0.408118 0.030836 0.033125
0 0.210223 0.401965 0.024336 0.023542
0 0.195848 0.389194 0.022820 0.022639
