0 0.245195 0.469333 0.037844 0.045056
0 0.555629 0.460847 0.035242 0.038972
0 0.502848 0.649896 0.069930 0.107847
0 0.825570 0.553174 0.072547 0.071042
0 0.766113 0.603736 0.068164 0.072750
0 0.559219 0.770840 0.079375 0.116097
0 0.835273 0.692153 0.087578 0.083750
0 0.483047 0.458264 0.038750 0.030694
0 0.281719 0.649722 0.055781 0.090833
0 0.323437 0.526736 0.045312 0.070417
0 0.348516 0.437597 0.029375 0.020750
0 0.395039 0.429306 0.021328 0.020000
0 0.460273 0.470278 0.039922 0.037778
0 0.434211 0.948701 0.122906 0.101625
0 0.970437 0.720090 0.059125 0.094347
0 0.262055 0.543861 0.041078 0.055778
0 0.384188 0.482861 0.042500 0.042806
0 0.313711 0.472833 0.040234 0.036528
0 0.615977 0.501410 0.051516 0.047792
0 0.632129 0.476313 0.050383 0.035347
0 0.622188 0.451208 0.046766 0.032528
0 0.323195 0.416611 0.029297 0.026806
0 0.304852 0.401188 0.028750 0.020403
0 0.272570 0.407486 0.027813 0.026250
0 0.200656 0.391694 0.026641 0.024861
