0 0.632660 0.561507 0.051570 0.050625
0 0.308086 0.529514 0.043047 0.068194
0 0.239488 0.518958 0.039930 0.058750
0 0.175730 0.412847 0.025820 0.031889
0 0.185145 0.440069 0.035289 0.037083
0 0.423809 0.421687 0.037070 0.034153
0 0.189223 0.468465 0.021586 0.044597
0 0.188984 0.394764 0.022734 0.023611
0 0.229687 0.398736 0.017109 0.020000
0 0.252246 0.402632 0.027680 0.028125
0 0.342266 0.409757 0.023359 0.019819
0 0.295668 0.463792 0.041523 0.043972
0 0.345422 0.491028 0.041078 0.043389
0 0.568621 0.446493 0.038461 0.034097
0 0.563816 0.486368 0.046008 0.044153
0 0.600637 0.640993 0.073430 0.085153
0 0.433309 0.899125 0.102289 0.201750
0 0.860715 0.944194 0.122320 0.111611
0 0.273965 0.837569 0.085648 0.126528
0 0.861039 0.705201 0.106922 0.096819
0 0.506383 0.461951 0.040359 0.037986
0 0.663125 0.521965 0.051406 0.044931
0 0.333629 0.427437 0.028836 0.025708
0 0.380484 0.626917 0.050766 0.076056
0 0.986254 0.638708 0.027039 0.082694
0 0.829355 0.613688 0.074336 0.065403
