0 0.368324 0.509590 0.045305 0.054847
0 0.437879 0.441729 0.033727 0.034486
0 0.347750 0.431875 0.033406 0.030861
0 0.221844 0.424667 0.031641 0.029583
0 0.195371 0.439014 0.021305 0.023306
0 0.215781 0.400090 0.031641 0.024431
0 0.866848 0.720812 0.096039 0.097514
0 0.620637 0.551319 0.052273 0.054028
0 0.266820 0.539444 0.039953 0.059167
0 0.502293 0.554701 0.049008 0.057819
0 0.241492 0.467917 0.036234 0.048889
0 0.652879 0.521236 0.051898 0.046972
0 0.393562 0.691160 0.062094 0.093236
0 0.743668 0.561382 0.055695 0.052764
0 0.774320 0.537132 0.050578 0.047125
0 0.733281 0.623479 0.068750 0.070292
0 0.206254 0.486347 0.032961 0.056194
0 0.286535 0.501889 0.035523 0.041778
0 0.560738 0.515646 0.045711 0.047875
0 0.663293 0.492889 0.048258 0.033278
0 0.428668 0.500910 0.042570 0.051375
