0 0.314039 0.415743 0.027891 0.025375
0 0.262113 0.411403 0.026555 0.024944
0 0.233535 0.400861 0.033805 0.032639
0 0.378734 0.426146 0.025844 0.024875
0 0.929129 0.608486 0.083602 0.075306
0 0.522504 0.693181 0.066523 0.116250
0 0.682719 0.721694 0.086203 0.128083
0 0.397578 0.657521 0.069687 0.137236
0 0.447281 0.573403 0.053781 0.065833
0 0.676910 0.580743 0.062211 0.066819
0 0.677926 0.963708 0.106867 0.072583
0 0.376402 0.410465 0.022695 0.020847
0 0.810980 0.677625 0.084602 0.085861
0 0.590637 0.534382 0.046227 0.054847
0 0.609344 0.476806 0.049125 0.051667
0 0.979398 0.579403 0.041125 0.071694
0 0.935703 0.687889 0.085641 0.076556
0 0.282738 0.783194 0.078508 0.147222
0 0.887785 0.962799 0.141930 0.074403
0 0.659539 0.472813 0.050453 0.043264
0 0.546434 0.583799 0.067758 0.100014
0 0.285270 0.630764 0.044727 0.073806
0 0.273961 0.587708 0.037969 0.051306
0 0.330426 0.545861 0.041789 0.057972
0 0.237070 0.521604 0.036609 0.047708
0 0.341047 0.492028 0.039328 0.049806
0 0.499309 0.484736 0.045258 0.042139
0 0.444156 0.464674 0.036813 0.036986
0 0.536297 0.433486 0.038141 0.036000
0 0.472164 0.424306 0.043203 0.044167
0 0.391609 0.442132 0.033156 0.033847
0 0.201086 0.476611 0.029609 0.047972
0 0.239586 0.465583 0.034266 0.039417
0 0.263293 0.445882 0.038508 0.043569
0 0.213699 0.437583 0.032383 0.031639
