0 0.528242 0.726479 0.067422 0.103097
0 0.717160 0.599597 0.062086 0.071361
0 0.845965 0.563111 0.066820 0.074333
0 0.777504 0.561625 0.085930 0.094528
0 0.584891 0.523375 0.049281 0.046028
0 0.385652 0.625417 0.059008 0.091944
0 0.482301 0.470722 0.040086 0.041333
0 0.576250 0.479583 0.052031 0.052222
0 0.613000 0.470424 0.037125 0.036931
0 0.304430 0.413222 0.020516 0.020222
0 0.480684 0.438632 0.035664 0.031903
0 0.430125 0.938139 0.115000 0.123722
0 0.817109 0.927028 0.153344 0.145944
0 0.258242 0.549056 0.038703 0.052889
0 0.774637 0.430139 0.047320 0.039500
0 0.455438 0.519965 0.048531 0.055347
0 0.346199 0.489486 0.042617 0.055361
0 0.265000 0.480563 0.041734 0.044542
0 0.374672 0.441111 0.034266 0.032111
0 0.405477 0.433736 0.036625 0.032694
0 0.249492 0.396285 0.026375 0.023014
0 0.211793 0.397354 0.026461 0.028292
0 0.171031 0.391715 0.021328 0.023319
0 0.182516 0.387833 0.023203 0.022500
0 0.454727 0.589625 0.055906 0.071583
0 0.273785 0.598979 0.041805 0.070653
