0 0.284953 0.625569 0.052594 0.103528
0 0.616277 0.498319 0.051039 0.058306
0 0.839371 0.615139 0.075008 0.069472
0 0.778551 0.648604 0.088055 0.105819
0 0.260199 0.902979 0.113836 0.194042
0 0.551082 0.472674 0.048773 0.054514
0 0.290391 0.503681 0.037031 0.045972
0 0.438078 0.582187 0.048578 0.062819
0 0.328359 0.538056 0.039844 0.060833
0 0.990934 0.645306 0.017805 0.052000
0 0.543348 0.583431 0.056961 0.079528
0 0.661480 0.468604 0.046227 0.035736
0 0.560539 0.444618 0.035422 0.024431
0 0.378891 0.513160 0.043547 0.058319
0 0.462078 0.518049 0.050766 0.062764
0 0.700043 0.537701 0.057023 0.058625
0 0.736105 0.518403 0.052773 0.050639
0 0.623305 0.679708 0.078016 0.101861
0 0.205137 0.473785 0.026133 0.029681
0 0.223844 0.408076 0.024844 0.026264
0 0.254586 0.401757 0.023984 0.020264
0 0.265484 0.415507 0.019844 0.016125
0 0.269273 0.434708 0.031250 0.021944
0 0.236926 0.440264 0.033914 0.031389
0 0.297914 0.404924 0.027344 0.025181
0 0.340285 0.418479 0.030836 0.026736
0 0.323914 0.445153 0.040109 0.044861
0 0.274027 0.463132 0.034570 0.034319
0 0.230637 0.468104 0.032383 0.036819
0 0.368289 0.443236 0.024953 0.028667
0 0.403375 0.448465 0.034547 0.030208
0 0.464328 0.451639 0.033453 0.037000
0 0.515973 0.430437 0.042602 0.039514
0 0.385043 0.482792 0.035930 0.037833
0 0.474449 0.632639 0.056258 0.081944
