0 0.766367 0.403646 0.041016 0.039097
0 0.686523 0.742688 0.090188 0.116347
0 0.497332 0.481389 0.042758 0.038750
0 0.634941 0.560833 0.058398 0.058056
0 0.771965 0.654840 0.076539 0.086625
0 0.813641 0.522028 0.059906 0.057917
0 0.769863 0.570187 0.067930 0.070375
0 0.608117 0.886278 0.110719 0.175500
0 0.276602 0.703542 0.057891 0.093194
0 0.271250 0.824861 0.076875 0.143056
0 0.462926 0.950951 0.113820 0.098097
0 0.325039 0.422708 0.034609 0.027361
0 0.555547 0.468403 0.056562 0.054583
0 0.966715 0.698958 0.066570 0.067083
0 0.478457 0.610181 0.061695 0.088306
0 0.378074 0.614368 0.055945 0.087375
0 0.593926 0.458521 0.038086 0.040958
0 0.238059 0.533118 0.036180 0.046681
0 0.274180 0.487500 0.036016 0.042778
0 0.307746 0.465146 0.039961 0.044375
0 0.396965 0.446931 0.033805 0.029306
0 0.427930 0.434771 0.038891 0.040181
0 0.318262 0.403569 0.024336 0.016639
0 0.237945 0.409764 0.025500 0.026917
0 0.264160 0.407049 0.027539 0.025764
0 0.189473 0.396632 0.022898 0.023597
