0 0.543574 0.459653 0.048164 0.040972
0 0.495246 0.627632 0.060758 0.100014
0 0.765609 0.639861 0.076281 0.084167
0 0.700512 0.508451 0.050070 0.046903
0 0.629234 0.512965 0.052219 0.048153
0 0.648164 0.564278 0.056172 0.050056
0 0.466281 0.443076 0.038219 0.041708
0 0.308668 0.520715 0.039961 0.056347
0 0.542715 0.506944 0.048633 0.050000
0 0.401004 0.672347 0.060992 0.104750
0 0.418867 0.434028 0.038750 0.032500
0 0.369398 0.589236 0.046719 0.068194
0 0.375336 0.521306 0.043703 0.050444
0 0.346180 0.421597 0.032797 0.025972
0 0.875180 0.931986 0.151516 0.136028
0 0.531816 0.586451 0.053508 0.067931
0 0.466508 0.416417 0.033000 0.020139
0 0.348906 0.401243 0.026719 0.023625
0 0.379801 0.474389 0.037758 0.042528
0 0.332531 0.481201 0.039766 0.044736
0 0.257176 0.480965 0.033820 0.040681
0 0.249555 0.444549 0.031922 0.034153
0 0.296750 0.416646 0.030422 0.029125
0 0.260562 0.414118 0.021141 0.025375
0 0.216859 0.406375 0.021906 0.021306
0 0.237293 0.402507 0.020414 0.022153
0 0.443539 0.502944 0.049437 0.066778
0 0.657918 0.699174 0.088586 0.113542
0 0.920125 0.651618 0.100234 0.102764
0 0.597602 0.826569 0.094047 0.139778
