0 0.488117 0.437917 0.033609 0.030778
0 0.241289 0.408174 0.033891 0.031181
0 0.207785 0.402271 0.024617 0.025569
0 0.265094 0.396167 0.020703 0.020722
0 0.521207 0.654285 0.070711 0.109125
0 0.266906 0.586007 0.044437 0.070069
0 0.701531 0.598917 0.064313 0.071306
0 0.774734 0.868479 0.118641 0.144431
0 0.575371 0.484972 0.049102 0.049111
0 0.249660 0.910153 0.098727 0.153556
0 0.362547 0.436056 0.030844 0.036222
0 0.314086 0.423500 0.024797 0.027167
0 0.676996 0.960111 0.117086 0.079778
0 0.421879 0.540410 0.054148 0.071514
0 0.495375 0.550618 0.049906 0.060764
0 0.594988 0.463139 0.035711 0.036806
0 0.237281 0.520215 0.034953 0.054153
0 0.263055 0.483590 0.036125 0.040625
0 0.229859 0.451479 0.038078 0.041653
0 0.444762 0.461813 0.037055 0.032542
0 0.458430 0.443333 0.030047 0.033333
0 0.371941 0.408313 0.030945 0.025764
0 0.308797 0.401917 0.028437 0.023444
0 0.877773 0.645674 0.082687 0.071264
0 0.456187 0.604014 0.051344 0.077194
0 0.715336 0.513646 0.055375 0.059792
0 0.850840 0.694007 0.089523 0.083181
0 0.408953 0.672708 0.058188 0.107917
0 0.284215 0.684743 0.057039 0.116069
0 0.339441 0.544257 0.048930 0.059347
